%YAML:1.0
Q: !!opencv-matrix
   rows: 4
   cols: 4
   dt: d
   data: [ 1., 0., 0., -3.2517012786865234e+002, 0., 1., 0.,
       -2.3320167922973633e+002, 0., 0., 0., 5.0328597473460252e+002, 0.,
       0., 1.8458586188240233e+001, 4.8883834708509193e+002 ]
