%YAML:1.0
M1: !!opencv-matrix
   rows: 3
   cols: 3
   dt: d
   data: [ 5.1869776370180807e+002, 0., 3.5408196471637569e+002, 0.,
       5.1869776370180807e+002, 2.2833444266207812e+002, 0., 0., 1. ]
