%YAML:1.0
M2: !!opencv-matrix
   rows: 3
   cols: 3
   dt: d
   data: [ 5.1869776370180807e+002, 0., 3.5973000332606864e+002, 0.,
       5.1869776370180807e+002, 2.2943631319210431e+002, 0., 0., 1. ]
