%YAML:1.0
T: !!opencv-matrix
   rows: 3
   cols: 1
   dt: d
   data: [ -5.4171094861082972e-002, 6.4802522880933518e-004,
       1.9732391031965679e-004 ]
